State Corporation Commission - Bureau of Insurance - Financial Regulation
2025 Financial Data for Domestic Health Insurers
VA BUSINESS TYPE
Number of 
Companies COCODE COMPANY NAME ADMITTED ASSETS LIABILITIES
CAPITAL & 
SURPLUS TOTAL REVENUES
CAPITAL & SURPLUS 
PY NET INCOME
Health Maintenance Organizations (HMO) 16579 Align Senior Care Inc $2,492,550 $548,169 $1,944,381 $1,011,406 $2,388,381 ($427,181)
52617 Cigna Dental Hlth of VA Inc 3,197,162 350,625 2,846,537 5,667,269 2,820,822 1,275,225
96555 Coventry Hlth Care of VA Inc 1,100,375,376 639,876,327 460,499,049 3,650,547,912 416,570,577 46,213,817
17201 Devoted Hlth Plan of VA Inc 1,208,878  -   1,208,878  -   663,950 35,493
95169 Healthkeepers Inc 3,646,516,246 1,846,189,109 1,800,327,137 12,769,052,708 1,088,634,634 -173,951,081
15098 Innovation Hlth Plan Inc 87,060,737 43,597,908 43,462,829 139,745,084 17,450,511 9,928,126
17458 Johns Hopkins Hlth Plan of VA Inc 4,885,023 119,154 4,765,869 74,638 4,608,860 152,594
15959 Lifeworks Advantage LLC 5,936,863 2,695,106 3,241,757 10,963,387 4,676,537 605,797
16575 Mary Washington Hlth Plan 8,992,369 59,134 8,933,235 -337,617 9,019,665 -386,529
16043 Molina Healthcare of VA LLC 162,196,256 17,733,826 144,462,430 566,341,817 236,289,040 13,048,759
15791 Piedmont Comm Hlthcare HMO Inc 5,512,070 280,275 5,231,795 133,706 4,692,830 1,329,952
95281 Sentara Hlth Plans 1,878,431,073 1,123,823,048 754,608,025 6,448,943,210 630,400,854 -352,584,345
15927 Sunshine Hlth Comm Solutions Inc 7,471,370 176,391 7,294,979 61,622 7,037,651 256,690
HMO Totals 13 $6,914,275,973 $3,675,449,072 $3,238,826,901 $23,592,205,142 $2,425,254,312 ($454,502,683)
Hospital, Medical and Dental Service or Indemnity (HMDI) Corporations 55611 Delta Dental of VA 168,601,091 53,145,114 115,455,977 318,977,628 134,698,248 18,302,839
53031 VSP Vision Care Inc 101,591,732 44,627,410 56,964,322 290,758,773 54,698,283 35,671,173
HMDI Totals 2 $270,192,823 $97,772,524 $172,420,299 $609,736,401 $189,396,531 $53,974,012
Life, Accident, and Health 71835 Anthem Hlth Plans of VA Inc 1,941,206,182 1,298,186,819 643,019,363 3,901,541,395 597,470,344 320,118,531
95657 Dominion Dental Serv Inc 18,670,970 7,991,475 10,679,495 56,858,670 9,738,394 790,288
15097 Innovation Hlth Ins Co 55,305,110 14,014,263 41,290,847 57,419,293 37,929,371 -3,691,417
95811 Piedmont Comm Hlthcare Inc 5,420,571 59,868 5,360,703 135,261 4,906,800 386,910
70715 Sentara Hlth Ins Co 39,305,019 26,378,090 12,926,929 43,136,317 12,874,261 -25,605,227
16606 Stryden Inc 7,399,054 1,275,874 6,123,180 5,488,299 5,607,119 532,749
Life Totals 6 $2,067,306,906 $1,347,906,389 $719,400,517 $4,064,579,235 $668,526,289 $292,531,834
Limited Health Services Organization (LHSO) 17472 Liberty Dental Plan of VA Inc 2,439,209 596,744 1,842,465 8,202,811 1,147,920 694,545
LHSO Totals 1 $2,439,209 $596,744 $1,842,465 $8,202,811 $1,147,920 $694,545
MEWA (Multiple Employers Welfare Arrangement) 17605 WiseChoice Healthcare Alliance Trust 6,068,060 1,814,105 4,253,955 693,369 4,150,576 101,962
MEWA Totals 1 $6,068,060 $1,814,105 $4,253,955 $693,369 $4,150,576 $101,962
TOTAL 23 $9,260,282,971 $5,123,538,834 $4,136,744,137 $28,275,416,958 $3,288,475,628 ($107,200,330)
____________
June 1, 2026
__________
Page 1 of 1
State Corporation Commission - Bureau of Insurance - Financial Regulation
2025 Financial Data for Foreign Health Insurers
VA BUSINESS TYPE
Company 
Totals COCODE COMPANY NAME ADMITTED ASSETS LIABILITIES CAPITAL & SURPLUS TOTAL REVENUES
CAPITAL & SURPLUS 
PRIOR YEAR NET INCOME
Health Maintenance Organizations (HMO) 95109 Aetna Hlth Inc PA Corp 2,796,469,710$               1,764,895,175$              1,031,574,535$               8,169,266,445$              931,834,821$                     114,114,460$             
12151 Arcadian Hlth Plan Inc 2,500,653,233                  1,255,708,066                 1,244,945,167                  10,600,295,698              1,076,148,896                    107,478,674                
11524 Bravo Hlth PA Inc 559,059,873                      263,549,757                     295,510,116                      2,216,434,263                 63,256,683                           22,814,756                   
96202 CareFirst BlueChoice Inc 1,572,624,764                  1,047,563,286                 525,061,478                      4,603,406,832                 877,274,320                        25,783,164                   
95132 Cigna Hlthcare of NC Inc 88,768,330                         30,206,287                        58,562,043                         173,124,529                     70,096,124                           (855,882)                        
11229 Harmony Hlth Plan Inc 386,903,314                      275,020,173                     111,883,141                      980,771,886                     108,301,161                        11,910,469                   
95885 Humana Hlth Plan Inc 942,054,797                      595,378,676                     346,676,122                      2,430,572,706                 234,445,295                        62,846,947                   
95270 Humana Medical Plan Inc 3,792,125,501                  2,290,186,509                 1,501,938,993                  15,985,698,087              1,318,056,529                    682,941,910                
14462 Humana Medical Plan of PA Inc 22,721,916                         2,719,375                           20,002,541                         12,864,334                        18,253,911                           1,696,075                     
95342 Humana WI Hlth Org Ins Corp 1,903,593,484                  1,168,761,113                 734,832,371                      8,171,416,012                 651,170,600                        (77,135,264)                 
95639 Kaiser Found Hlth Plan Mid Atlanti  2,718,273,762                  2,093,205,626                 625,068,136                      5,790,727,937                 637,533,089                        (226,766,235)              
96310 MD Individual Practice Assn Inc 67,142,119                         17,952,365                        49,189,754                         133,124,228                     38,777,122                           10,021,809                   
96940 Optimum Choice Inc 374,553,545                      198,265,033                     176,288,512                      602,682,682                     124,467,747                        54,059,960                   
14225 Trusted Hlth Plan DC Inc 28,540,228                         5,142,949                           23,397,279                         -                                         26,255,899                           (2,858,619)                    
95025 United Hlthcare Mid Atlantic Inc 1,321,623,513                  797,904,174                     523,719,339                      5,330,871,812                 515,836,454                        18,053,452                   
95378 UnitedHealthcare Plan of the River V 1,228,772,274                  661,306,861                     567,465,413                      4,416,209,518                 538,543,490                        83,797,316                   
95710 UnitedHealthcare of WI Inc 7,392,741,829                  4,820,517,942                 2,572,223,887                  23,567,643,123              2,345,119,975                    1,093,343,248            
HMO Totals 17 27,696,622,192               17,288,283,367              10,408,338,827               93,185,110,092              9,575,372,116                    1,981,246,240            
Hospital, Medical and Dental Service or Indemnity (HMDI) Corporations 53007 Group Hospitalization & Med Srvcs 3,781,218,637                  1,753,942,433                 2,027,276,204                  4,557,781,167                 1,980,455,820                    77,344,875                   
1 3,781,218,637                  1,753,942,433                 2,027,276,204                  4,557,781,167                 1,980,455,820                    77,344,875                   
HMDI Totals
Life, Accident, and Health 63444 Accendo Ins Co 584,269,198                      349,498,057                     234,771,141                      923,685,292                     136,552,774                        (33,350,020)                 
78700 Aetna Hlth & Life Ins Co 518,997,000                      328,707,858                     190,289,142                      1,472,231,020                 205,172,914                        (15,862,585)                 
72052 Aetna Hlth Ins Co 256,138,556                      141,539,430                     114,599,126                      780,358,247                     96,851,196                           (106,724,615)              
82406 All Savers Ins Co 1,081,545,766                  45,281,157                        1,036,264,609                  97,120,919                        1,169,346,326                    13,389,341                   
69337 American Fin Security Life Ins Co 16,218,568                         7,064,859                           9,153,709                           25,537,131                        11,193,720                           (1,838,994)                    
84697 American Specialty Hlth Ins Co 10,993,364                         128,619                               10,864,745                         1,581,219                           10,370,635                           544,589                         
12358 Avalon Ins Co 55,587,892                         6,202,770                           49,385,122                         12,584,296                        44,998,979                           4,386,144                     
71013 Bankers Reserve Life Ins Co Of WI 650,474,559                      291,995,480                     358,479,079                      2,131,998,329                 382,095,353                        20,627,960                   
15963 Bright Hlth Ins Co 12,225,998                         86,588,006                        (74,362,008)                       (165,042)                             (68,751,470)                         (8,535,538)                    
12567 Care Improvement Plus S Central Ins 11,552,244,454               7,417,950,361                 4,134,294,093                  40,284,090,906              4,324,489,973                    604,323,159                
80799 Celtic Ins Co 4,504,198,713                  2,968,516,273                 1,535,682,440                  10,418,178,656              1,940,030,515                    75,895,442                   
67369 Cigna Hlth & Life Ins Co 16,569,884,010               8,776,572,873                 7,793,311,137                  28,476,404,977              6,283,446,267                    1,674,836,416            
78301 Clear Spring Hlth Ins Co 144,615,653                      130,131,665                     14,483,988                         37,835,999                        30,237,996                           (15,768,359)                 
86371 Clover Ins Co 373,635,121                      198,850,276                     174,784,845                      1,827,401,310                 147,282,359                        (26,394,319)                 
60984 Compbenefits Ins Co 153,858,548                      133,562,120                     20,296,429                         140,580,557                     10,970,938                           (79,167,687)                 
81973 Coventry Hlth & Life Ins Co 1,080,767,087                  371,377,485                     709,389,602                      2,101,843,868                 607,376,450                        49,687,967                   
____________
June 1, 2026
__________
Page 1 of 3
State Corporation Commission - Bureau of Insurance - Financial Regulation
2025 Financial Data for Foreign Health Insurers
VA BUSINESS TYPE
Company 
Totals COCODE COMPANY NAME ADMITTED ASSETS LIABILITIES CAPITAL & SURPLUS TOTAL REVENUES
CAPITAL & SURPLUS 
PRIOR YEAR NET INCOME
67636 DentaQuest Natl Ins Co Inc 243,601,937                      83,304,416                        160,297,521                      750,913,717                     100,010,691                        9,521,739                     
96265 Dental Care Plus Inc 13,909,324                         1,821,889                           12,087,435                         4,092,863                           11,730,600                           368,783                         
73474 Dentegra Ins Co 198,477,587                      96,647,657                        101,829,930                      226,037,150                     88,042,117                           13,640,526                   
12515 Educators Hlth Plans Life Accident & 195,609,837                      65,450,046                        130,159,791                      117,674,457                     117,443,838                        9,599,214                     
88595 Emphesys Ins Co 157,306,884                      25,168,902                        132,137,982                      230,233,403                     37,003,258                           (3,132,470)                    
60113 First Care Inc 109,631,855                      26,359,943                        83,271,912                         185,143,046                     63,303,627                           294,451                         
90328 First Hlth Life & Hlth Ins Co 199,531,727                      156,780,362                     42,751,365                         33,494,941                        42,172,365                           442,170                         
85286 Fresenius Hlth Plans Ins Co 7,659,806                           220,715                               7,439,091                           -                                         7,482,376                             (144,167)                        
62286 Golden Rule Ins Co 527,021,227                      195,023,815                     331,997,412                      1,321,480,797                 263,416,793                        97,826,615                   
65463 Golden Security Ins Co 127,220,584                      42,666,228                        84,554,356                         153,375,950                     81,334,795                           (13,174,413)                 
93521 Granular Ins Co 685,026,789                      462,306,135                     222,720,654                      123,071,788                     254,383,912                        (30,817,780)                 
78611 HCSC Ins Serv Co 867,116,293                      789,044,680                     78,071,613                         540,123,524                     160,725,700                        (116,515,185)              
71768 HM Hlth Ins Co 45,391,839                         20,124,339                        25,267,500                         -                                         24,646,009                           641,769                         
70670 Health Care Serv Corp A Mut Legal Re 42,700,576,010               20,654,446,779              22,046,129,231               66,763,261,944              24,883,865,819                 (1,916,775,133)          
61727 HealthSpring Natl Hlth Ins Co 165,629,248                      81,858,813                        83,770,435                         347,373,411                     47,248,674                           (104,174,901)              
12902 Healthspring Life & Hlth Ins Co Inc 2,259,859,462                  1,449,035,211                 810,824,251                      8,066,138,851                 693,952,252                        (650,297,188)              
60052 Humana Benefit Plan of IL Inc 1,167,710,233                  675,634,043                     492,076,190                      5,486,960,023                 746,368,953                        (61,933,834)                 
69671 Humana Hlth Ins Co Of FL Inc 168,889,809                      84,450,665                        84,439,144                         402,984,669                     90,049,198                           (6,001,470)                    
73288 Humana Ins Co 13,020,160,893               6,470,702,933                 6,549,457,961                  51,859,601,718              6,382,657,853                    (329,926,141)              
70580 Humanadental Ins Co 152,118,879                      75,678,973                        76,439,906                         222,767,486                     128,851,335                        (5,964,333)                    
60053 Kaiser Permanente Ins Co 272,448,981                      124,211,466                     148,237,515                      200,298,910                     140,819,733                        6,211,646                     
76503 Lasso Hlthcare Ins Co 21,067,119                         1,027,598                           20,039,521                         1,573                                    4,751,044                             (77,110)                          
60321 Mamsi Life & Hlth Ins Co 36,373,988                         13,869,873                        22,504,115                         58,920,360                        19,867,638                           2,455,110                     
63762 Medco Containment Life Ins Co 2,772,899,587                  1,283,999,412                 1,488,900,175                  5,754,648,407                 1,228,099,098                    195,567,079                
18750 Merit Hlth Ins Co 39,578,978                         206,409                               39,372,570                         -                                         37,390,534                           1,282,323                     
81264 Nippon Life Ins Co Of Amer 257,958,141                      101,391,876                     156,566,265                      358,105,502                     146,195,199                        12,762,288                   
88080 Omaha Hlth Ins Co 254,937,037                      46,245                                 254,890,791                      1,561,428                           170,739,903                        3,661,479                     
15777 Oscar Ins Co 1,450,165,875                  1,153,604,532                 296,561,343                      2,372,637,206                 351,028,075                        (38,326,731)                 
11518 Paramount Ins Co 110,159,618                      79,964,032                        30,195,586                         153,721,938                     20,255,588                           22,893                            
71420 Sierra Hlth & Life Ins Co Inc 15,806,405,602               10,733,411,604              5,072,993,998                  40,162,458,479              3,283,218,463                    465,772,730                
12575 SilverScript Ins Co 4,677,927,242                  3,356,794,778                 1,321,132,464                  9,245,812,629                 984,785,484                        226,404,365                
92525 TruAssure Ins Co 10,388,298                         2,467,308                           7,920,989                           8,403,256                           6,871,995                             (1,856,343)                    
60117 Tufts Ins Co Inc 27,756,164                         8,706,806                           19,049,358                         37,631,391                        30,457,799                           2,650,980                     
97772 US Hlth & Life Ins Co Inc 64,940,089                         48,639,333                        16,300,757                         (1,545,476)                         32,637,693                           26,834,757                   
85766 United Concordia Ins Co 331,040,437                      128,030,441                     203,009,996                      1,008,468,273                 212,587,473                        35,057,824                   
84549 UnitedHealthcare Ins Co of Amer 180,244,857                      80,427,206                        99,817,651                         439,050,675                     89,247,342                           598,605                         
12231 UnitedHealthcare Ins Co of the River 492,887,778                      82,997,232                        409,890,546                      472,611,075                     416,462,694                        29,742,940                   
97179 UnitedHealthcare Life Ins Co 156,904,161                      52,049,637                        104,854,524                      285,012,731                     110,067,694                        (5,967,206)                    
64467 WellCare Hlth Ins of KY Inc 1,066,754,345                  582,889,063                     483,865,282                      4,288,161,754                 345,061,627                        143,869,653                
____________
June 1, 2026
__________
Page 2 of 3
State Corporation Commission - Bureau of Insurance - Financial Regulation
2025 Financial Data for Foreign Health Insurers
VA BUSINESS TYPE
Company 
Totals COCODE COMPANY NAME ADMITTED ASSETS LIABILITIES CAPITAL & SURPLUS TOTAL REVENUES
CAPITAL & SURPLUS 
PRIOR YEAR NET INCOME
10155 WellCare Prescription Ins Inc 7,056,495,120                  5,615,355,652                 1,441,139,468                  18,532,777,963              730,314,032                        682,899,565                
80314 Wellpoint Life & Hlth Ins Co 1,385,132,512                  1,217,860,175                 167,272,337                      520,551,023                     198,953,683                        78,357,141                   
Life Totals 57 137,051,000,000             77,378,644,511              59,671,926,130               309,465,000,000            58,116,167,881                 917,451,141                
Property and Casualty 15931 AmFirst Specialty Ins Co 61,289,584                         31,532,278                        29,757,306                         26,314,326                        24,623,075                           6,571,762                     
28207 Anthem Ins Co Inc 6,801,056,174                  4,363,404,513                 2,437,651,661                  17,678,272,448              2,062,803,440                    360,405,859                
17414 Physicians Select Ins Co 10,452,419                         1,469,509                           8,982,910                           906,943                               8,019,299                             973,698                         
13750 Vision Benefits of Amer II Inc 9,021,546                           323,587                               8,697,959                           5,989,193                           8,444,734                             243,032                         
39616 Vision Serv Plan Ins Co 550,990,366                      183,841,467                     367,148,899                      1,613,336,985                 347,887,033                        220,754,700                
P&C Totals 5 7,432,810,089                  4,580,571,354                 2,852,238,735                  19,324,819,895              2,451,777,581                    588,949,051                
FOREIGN TOTAL 80 175,961,000,000$          101,001,000,000$         74,959,779,896$             426,533,000,000$         72,123,773,398$              3,564,991,307$         
Domestic TOTAL 23 $9,260,282,971 $5,123,538,834 $4,136,744,137 $28,275,416,958 $3,288,475,628 ($107,200,330)
Foreign TOTAL 80 $175,961,000,000 $101,001,000,000 $74,959,779,896 $426,533,000,000 $72,123,773,398 $3,564,991,307
GRAND TOTAL 103 $185,221,282,971 $106,124,538,834 $79,096,524,033 $454,808,416,958 $75,412,249,026 $3,457,790,977
____________
June 1, 2026
__________
Page 3 of 3