State Corporation Commission - Bureau of Insurance - Financial Regulation
2025 Financial Data for Domestic Title Insurers
COCODE Company Name STATE_OF_DOMICILE
ADMITTED 
ASSETS LIABILITIES SURPLUS
PREMIUMS 
EARNED
OPERATING 
INCOME
LOSSES 
INCURRED
OPERATING 
EXPENSES
NET OPER GAIN 
LOSS
NET INV GAIN 
LOSS
NET INCOME BEFORE 
TAXES
NET INCOME TAXES 
INCURRED
NET 
INCOME
50792 Southern Title Insurance Corporation Financial Data Unavailable, License Suspended
Number of companies    1
Totals
____________
June 1, 2026
____________
Page 1 of 1
State Corporation Commission - Bureau of Insurance Financial Regulation
2025 Financial Data for Foreign Title Insurers
Company 
No. Company Name ADMITTED ASSETS LIABILITIES SURPLUS PREMIUMS EARNED
OPERATING 
INCOME
LOSSES 
INCURRED
OPERATING 
EXPENSES
NET OPER GAIN 
LOSS
NET INV GAIN 
LOSS
NET INCOME 
BEFORE TAXES
NET INCOME 
TAXES INCURRED NET INCOME
12309 Alliant Natl Title Ins Co Inc 47,729,869.00$     34,743,621.00$   12,986,248.00$      119,645,396.00$      121,523,951.00$    9,171,470.00$       117,966,527.00$    (5,614,046.00)$      853,331.00$      (4,764,950.00)$         (517,330.00)$            (4,247,620.00)$     
51578 AmTrust Title Ins Co 61,219,774               25,639,300            35,580,474                68,795,074                  69,873,523                 2,239,204                 72,644,687                 (5,010,861)                1,881,682            (2,782,524)                   (434,764)                     (2,347,760)               
11865 American Digital Title Ins Co 23,252,927               700,109                   22,552,818                201,085                         201,085                       160,189                     446,539                       (405,643)                    701,466                295,823                        28,550                          267,273                    
51411 American Guar Title Ins Co 41,666,171               7,785,744               33,880,427                18,396,505                  18,468,967                 372,280                     16,256,612                 1,840,075                 1,874,073            3,714,148                    688,344                       3,025,804                
50229 Chicago Title Ins Co 1,554,972,982        877,192,685          677,780,297             2,416,211,766           2,585,304,409          144,793,326           2,209,625,094          230,885,989            94,878,718         325,702,459               56,678,084                269,024,375           
50083 Commonwealth Land Title Ins Co 559,191,745            242,334,282          316,857,463             610,170,832               659,111,879              34,085,819              569,170,559              55,855,501               6,821,077            63,997,836                 18,548,638                45,449,198              
51209 Conestoga Title Ins Co 18,089,735               5,510,649               12,579,086                10,691,833                  11,528,893                 146,490                     10,879,857                 502,546                      626,686                1,129,232                    178,742                       950,490                    
51268 Connecticut Attorneys Title Ins Co 92,814,786               57,182,817            35,631,970                217,021,793               234,646,771              10,930,169              229,112,472              (5,395,870)                2,986,192            (2,408,828)                   (438,770)                     (1,970,058)               
12522 Essent Title Ins Inc 86,682,062               36,071,446            50,610,616                50,350,948                  54,527,538                 4,070,671                 68,228,485                 (17,771,618)             2,812,594            (14,937,608)                (1,048,740)                 (13,888,868)            
51586 Fidelity Natl Title Ins Co 1,371,095,955        821,285,587          549,810,368             2,648,854,361           2,850,107,085          127,313,310           2,520,224,425          202,569,350            7,817,937            212,057,809               53,467,568                158,590,241           
51624 First Amer Title Guar Co 100,905,379            30,565,694            70,339,685                263,206,825               263,862,206              8,832,432                 240,012,660              15,017,114               1,212,462            16,229,576                 3,262,938                   12,966,638              
50814 First Amer Title Ins Co 3,506,689,490        2,050,916,007      1,455,773,483         4,223,328,499           4,878,873,643          155,968,057           4,546,256,395          176,649,191            212,976,389      389,625,580               40,240,710                349,384,870           
14240 First Natl Title Ins Co 79,666,205               35,984,402            43,681,804                213,722,458               215,585,778              6,107,800                 205,638,746              3,839,232                 1,697,531            5,883,594                    1,657,647                   4,225,947                
50369 Investors Title Ins Co 200,437,929            85,405,752            115,032,177             153,841,145               160,287,612              4,658,832                 143,419,475              12,209,305               13,430,691         27,947,225                 1,492,759                   26,454,466              
50377 National Investors Title Ins Co 32,884,916               7,689,807               25,195,109                57,081,332                  57,212,321                 465,792                     54,730,437                 2,016,092                 1,548,509            3,564,601                    639,497                       2,925,104                
51020 National Title Ins Of NY Inc 115,300,294            69,724,405            45,575,889                65,458,361                  67,239,912                 2,302,341                 57,973,615                 6,963,956                 3,490,813            10,454,769                 1,883,439                   8,571,330                
50520 Old Republic Natl Title Ins Co 1,514,933,086        916,705,412          598,227,674             2,575,078,053           2,706,297,963          94,387,373              2,531,005,904          80,904,686               78,871,887         159,776,573               33,425,367                126,351,206           
50026 Premier Land Title Ins Co 36,269,285               16,551,351            19,717,933                65,934,324                  66,218,279                 296,094                     56,827,043                 9,095,142                 1,268,763            10,363,905                 2,348,879                   8,015,026                
51632 Radian Title Ins Inc 16,920,063               8,506,190               8,413,873                  16,334,107                  18,420,809                 1,075,100                 15,798,866                 1,546,843                 2,111,178            4,000,715                    810,304                       3,190,411                
50440 Real Advantage Title Ins Co 15,780,158               18,919,347            (3,139,188)                 25,877,037                  26,090,385                 7,327,301                 24,647,489                 (5,884,405)                545,634                (5,338,771)                   -                                  (5,338,771)               
11974 Rocket Title Ins Co 103,743,706            25,656,447            78,087,259                83,403,603                  83,403,603                 2,002,572                 75,319,783                 6,081,248                 (3,432,397)          2,648,851                    874,342                       1,774,509                
50121 Stewart Title Guar Co 1,503,113,930        676,101,876          827,012,054             2,068,741,467           2,154,415,768          93,698,056              1,922,208,787          138,508,925            50,214,559         192,177,495               41,152,410                151,025,085           
50016 Title Resources Guar Co 304,098,009            190,465,002          113,633,007             742,990,913               752,920,144              23,220,385              707,794,786              21,904,973               11,770,301         33,640,584                 5,851,476                   27,789,108              
51152 WFG Natl Title Ins Co 324,810,919            196,327,270          128,483,649             475,311,335               552,551,535              29,421,818              529,003,959              (5,874,242)                17,562,043         16,187,801                 1,757,846                   14,429,955              
50050 Westcor Land Title Ins Co 346,702,110            184,607,009          162,095,101             810,263,349               839,134,055              30,823,345              758,536,571              49,774,139               12,552,551         82,335,988                 836,636                       81,499,352              
Number of companies   25
Totals: 12,058,971,485$   6,622,572,211$   5,436,399,276$      18,000,912,401$      19,447,808,114$    793,870,226$         17,683,729,773$    970,207,622$         527,074,670$    1,531,501,883$        263,384,572$           1,268,117,311$    
Domestic Total 0 0 0 0 0 0 0 0 0 0 0 0
Foreign Total 12,058,971,485$   6,622,572,211$   5,436,399,276$      18,000,912,401$      19,447,808,114$    793,870,226$         17,683,729,773$    970,207,622$         527,074,670$    1,531,501,883$        263,384,572$           1,268,117,311$    
Grand Total 12,058,971,485$  6,622,572,211$   5,436,399,276$      18,000,912,401$     19,447,808,114$    793,870,226$        17,683,729,773$    970,207,622$         527,074,670$   1,531,501,883$        263,384,572$           1,268,117,311$    
____________
June 1, 2026
__________
Page 1 of 1